====================================================================================================
PASTE2 多seed稳健性检验 (真实感模拟数据, 1000 spots, 150 genes)
配置: FGW(γ=0) / LROT(γ=0.1) / 官方PASTE2(KL, α=0.1, s=1.0) ; 20 seeds (1..20)
====================================================================================================
seed  FGW.acc  FGW.ent LROT.acc LROT.ent   P2.acc   P2.ent  tFGW(s) tLROT(s)   tP2(s)
   1   0.8330   4.0704   0.8480   3.8890   0.7830  -0.0000     5.10     5.71     5.54
   2   0.7520   4.0441   0.7430   3.9047   0.7060  -0.0000     5.57     5.19     6.20
   3   0.8600   3.8554   0.8570   3.7374   0.8070  -0.0000     7.79     7.20     5.80
   4   0.7690   3.8990   0.7680   3.7751   0.7220  -0.0000     5.05     4.38     4.95
   5   0.8450   4.0319   0.8370   3.9055   0.7800  -0.0000     4.28     4.14     5.96
   6   0.6240   4.0972   0.6340   3.9419   0.6210  -0.0000     7.45     7.23     6.95
   7   0.8310   3.9545   0.8320   3.8493   0.7850  -0.0000     4.32     4.14     5.13
   8   0.5530   4.0946   0.5540   3.9322   0.5480  -0.0000     7.87     7.68    10.05
   9   0.7250   4.1131   0.7240   3.9482   0.6780  -0.0000     9.36     7.92     8.88
  10   0.7330   4.0145   0.7340   3.9144   0.7170  -0.0000    12.47    13.32     5.29
  11   0.6860   3.9708   0.6980   3.8486   0.6720  -0.0000     4.96     4.74     9.05
  12   0.7420   3.9142   0.7430   3.8088   0.6970  -0.0000     5.34     5.22     4.85
  13   0.6030   4.1229   0.6000   4.0218   0.5900  -0.0000    11.39    11.90     7.73
  14   0.6950   4.0259   0.7000   3.9404   0.6640  -0.0000     7.92     9.14     9.16
  15   0.7760   3.7973   0.7790   3.7177   0.7080  -0.0000     6.35     6.46     6.03
  16   0.7810   4.0848   0.7890   3.9200   0.7180  -0.0000     5.72     6.12     4.93
  17   0.7540   4.1500   0.7560   4.0498   0.7300  -0.0000     7.49     7.90     6.30
  18   0.6280   4.2302   0.6390   4.1415   0.6000  -0.0000    10.70    12.02     9.59
  19   0.8650   3.8117   0.8550   3.6801   0.8170  -0.0000     4.11     3.67     4.10
  20   0.7220   4.0483   0.7210   3.9172   0.6690  -0.0000     4.05     4.27     3.93
----------------------------------------------------------------------------------------------------
FGW (γ=0)                    acc 均值±标准差 = 0.7389 ± 0.0881  范围 [0.5530, 0.8650]  熵均值 = 4.0165
LROT (γ=0.1)                 acc 均值±标准差 = 0.7406 ± 0.0862  范围 [0.5540, 0.8570]  熵均值 = 3.8922
Official PASTE2 (KL, α=0.1)  acc 均值±标准差 = 0.7006 ± 0.0735  范围 [0.5480, 0.8170]  熵均值 = 0.0000
----------------------------------------------------------------------------------------------------
LROT 优于 PASTE2 的种子数: 20/20 (持平 0)
LROT - PASTE2 平均精度差 = 0.0399 (±0.0192)